id_from,id_to
0,90
90,0
0,73
73,0
0,91
91,0
0,225
225,0
0,200
200,0
0,145
145,0
0,186
186,0
0,156
156,0
0,329
329,0
0,108
108,0
0,282
282,0
0,289
289,0
0,201
201,0
0,223
223,0
0,261
261,0
0,120
120,0
0,292
292,0
0,320
320,0
0,81
81,0
0,243
243,0
0,1
1,0
0,310
310,0
0,56
56,0
0,176
176,0
0,53
53,0
0,208
208,0
0,288
288,0
0,32
32,0
0,275
275,0
0,76
76,0
1,90
90,1
1,91
91,1
1,145
145,1
1,156
156,1
1,83
83,1
1,279
279,1
1,329
329,1
1,74
74,1
1,52
52,1
1,108
108,1
1,61
61,1
1,154
154,1
1,252
252,1
1,223
223,1
1,261
261,1
1,79
79,1
1,137
137,1
1,42
42,1
1,320
320,1
1,243
243,1
1,68
68,1
1,85
85,1
1,320
320,1
1,134
134,1
1,276
276,1
1,53
53,1
1,77
77,1
1,253
253,1
1,275
275,1
1,41
41,1
2,90
90,2
2,91
91,2
2,281
281,2
2,145
145,2
2,177
177,2
2,156
156,2
2,99
99,2
2,329
329,2
2,40
40,2
2,180
180,2
2,102
102,2
2,326
326,2
2,112
112,2
2,240
240,2
2,283
283,2
2,153
153,2
2,282
282,2
2,289
289,2
2,101
101,2
2,267
267,2
2,150
150,2
2,254
254,2
2,173
173,2
2,271
271,2
2,3
3,2
2,317
317,2
2,136
136,2
2,239
239,2
2,221
221,2
2,249
249,2
2,292
292,2
2,84
84,2
2,320
320,2
2,115
115,2
2,81
81,2
2,274
274,2
2,310
310,2
2,222
222,2
2,183
183,2
2,303
303,2
2,45
45,2
2,65
65,2
2,53
53,2
2,124
124,2
2,300
300,2
2,288
288,2
2,32
32,2
2,275
275,2
2,285
285,2
2,269
269,2
2,174
174,2
3,328
328,3
3,71
71,3
3,16
16,3
3,294
294,3
3,104
104,3
3,182
182,3
3,40
40,3
3,47
47,3
3,35
35,3
3,10
10,3
3,95
95,3
3,188
188,3
3,70
70,3
3,17
17,3
3,212
212,3
3,49
49,3
3,25
25,3
3,93
93,3
3,330
330,3
3,271
271,3
3,26
26,3
3,6
6,3
3,89
89,3
3,296
296,3
3,249
249,3
3,230
230,3
3,274
274,3
3,92
92,3
3,272
272,3
3,87
87,3
3,34
34,3
3,103
103,3
3,280
280,3
3,220
220,3
3,126
126,3
3,107
107,3
3,277
277,3
4,177
177,4
4,101
101,4
4,93
93,4
4,6
6,4
4,274
274,4
5,74
74,5
5,315
315,5
5,101
101,5
5,144
144,5
5,115
115,5
5,187
187,5
5,45
45,5
5,300
300,5
5,146
146,5
5,269
269,5
6,205
205,6
6,328
328,6
6,232
232,6
6,16
16,6
6,210
210,6
6,331
331,6
6,104
104,6
6,209
209,6
6,40
40,6
6,27
27,6
6,10
10,6
6,95
95,6
6,70
70,6
6,9
9,6
6,17
17,6
6,212
212,6
6,49
49,6
6,25
25,6
6,93
93,6
6,216
216,6
6,330
330,6
6,271
271,6
6,26
26,6
6,89
89,6
6,249
249,6
6,274
274,6
6,87
87,6
6,34
34,6
6,107
107,6
6,105
105,6
7,96
96,7
7,329
329,7
7,74
74,7
7,55
55,7
7,180
180,7
7,315
315,7
7,268
268,7
7,153
153,7
7,46
46,7
7,256
256,7
7,132
132,7
7,289
289,7
7,101
101,7
7,267
267,7
7,311
311,7
7,29
29,7
7,165
165,7
7,64
64,7
7,144
144,7
7,84
84,7
7,115
115,7
7,139
139,7
7,187
187,7
7,303
303,7
7,45
45,7
7,135
135,7
7,138
138,7
7,65
65,7
7,300
300,7
7,146
146,7
7,30
30,7
7,269
269,7
9,205
205,9
9,232
232,9
9,210
210,9
9,331
331,9
9,104
104,9
9,40
40,9
9,27
27,9
9,70
70,9
9,49
49,9
9,25
25,9
9,93
93,9
9,246
246,9
9,26
26,9
9,89
89,9
9,249
249,9
9,128
128,9
9,34
34,9
9,220
220,9
9,107
107,9
10,328
328,10
10,49
49,10
10,93
93,10
10,26
26,10
10,249
249,10
11,313
313,11
12,145
145,12
13,189
189,13
16,328
328,16
16,71
71,16
16,331
331,16
16,327
327,16
16,40
40,16
16,35
35,16
16,17
17,16
16,49
49,16
16,25
25,16
16,93
93,16
16,271
271,16
16,26
26,16
16,249
249,16
16,230
230,16
16,92
92,16
16,103
103,16
16,220
220,16
16,126
126,16
17,328
328,17
17,294
294,17
17,210
210,17
17,104
104,17
17,182
182,17
17,95
95,17
17,188
188,17
17,49
49,17
17,25
25,17
17,93
93,17
17,89
89,17
17,249
249,17
17,103
103,17
17,85
85,17
17,34
34,17
17,220
220,17
17,126
126,17
18,125
125,18
19,71
71,19
19,122
122,19
19,47
47,19
19,75
75,19
19,326
326,19
19,188
188,19
19,49
49,19
19,33
33,19
19,257
257,19
19,227
227,19
19,92
92,19
19,280
280,19
20,145
145,20
20,282
282,20
20,201
201,20
20,120
120,20
20,76
76,20
24,170
170,24
23,120
120,23
23,81
81,23
23,53
53,23
23,119
119,23
23,225
225,23
331,205
205,331
331,328
328,331
331,71
71,331
331,232
232,331
331,210
210,331
331,104
104,331
331,182
182,331
331,213
213,331
331,40
40,331
331,47
47,331
331,27
27,331
331,35
35,331
331,75
75,331
331,70
70,331
331,326
326,331
331,49
49,331
331,25
25,331
331,93
93,331
331,216
216,331
331,271
271,331
331,127
127,331
331,26
26,331
331,89
89,331
331,257
257,331
331,249
249,331
331,230
230,331
331,274
274,331
331,227
227,331
331,92
92,331
331,272
272,331
331,128
128,331
331,87
87,331
331,34
34,331
331,107
107,331
331,220
220,331
331,332
332,331
331,126
126,331
25,205
205,25
25,210
210,25
25,104
104,25
25,182
182,25
25,40
40,25
25,27
27,25
25,95
95,25
25,188
188,25
25,70
70,25
25,212
212,25
25,49
49,25
25,93
93,25
25,216
216,25
25,26
26,25
25,89
89,25
25,249
249,25
25,274
274,25
25,92
92,25
25,34
34,25
25,103
103,25
25,332
332,25
25,126
126,25
25,107
107,25
25,105
105,25
26,205
205,26
26,328
328,26
26,210
210,26
26,104
104,26
26,209
209,26
26,213
213,26
26,40
40,26
26,27
27,26
26,35
35,26
26,75
75,26
26,95
95,26
26,188
188,26
26,70
70,26
26,212
212,26
26,49
49,26
26,93
93,26
26,216
216,26
26,271
271,26
26,89
89,26
26,249
249,26
26,128
128,26
26,235
235,26
26,87
87,26
26,34
34,26
26,103
103,26
26,280
280,26
26,220
220,26
26,332
332,26
26,126
126,26
26,107
107,26
27,205
205,27
27,210
210,27
27,75
75,27
27,49
49,27
27,93
93,27
27,216
216,27
27,34
34,27
27,332
332,27
28,156
156,28
28,52
52,28
28,81
81,28
28,53
53,28
29,293
293,29
29,133
133,29
29,145
145,29
29,149
149,29
29,142
142,29
29,96
96,29
29,55
55,29
29,94
94,29
29,180
180,29
29,299
299,29
29,291
291,29
29,322
322,29
29,268
268,29
29,46
46,29
29,319
319,29
29,132
132,29
29,289
289,29
29,267
267,29
29,140
140,29
29,231
231,29
29,148
148,29
29,118
118,29
29,151
151,29
29,157
157,29
29,106
106,29
29,224
224,29
29,84
84,29
29,286
286,29
29,115
115,29
29,139
139,29
29,62
62,29
29,262
262,29
29,251
251,29
29,303
303,29
29,246
246,29
29,45
45,29
29,135
135,29
29,141
141,29
29,138
138,29
29,65
65,29
29,111
111,29
29,67
67,29
29,146
146,29
29,30
30,29
29,88
88,29
29,269
269,29
30,293
293,30
30,133
133,30
30,51
51,30
30,145
145,30
30,149
149,30
30,96
96,30
30,55
55,30
30,180
180,30
30,299
299,30
30,291
291,30
30,322
322,30
30,172
172,30
30,268
268,30
30,46
46,30
30,319
319,30
30,132
132,30
30,289
289,30
30,267
267,30
30,155
155,30
30,140
140,30
30,64
64,30
30,144
144,30
30,89
89,30
30,157
157,30
30,136
136,30
30,106
106,30
30,219
219,30
30,224
224,30
30,84
84,30
30,286
286,30
30,115
115,30
30,139
139,30
30,262
262,30
30,251
251,30
30,147
147,30
30,266
266,30
30,303
303,30
30,246
246,30
30,45
45,30
30,135
135,30
30,141
141,30
30,138
138,30
30,65
65,30
30,111
111,30
30,67
67,30
30,116
116,30
30,146
146,30
30,88
88,30
30,269
269,30
31,112
112,31
31,283
283,31
31,288
288,31
32,145
145,32
32,177
177,32
32,248
248,32
32,171
171,32
32,329
329,32
32,240
240,32
32,155
155,32
32,173
173,32
32,307
307,32
32,157
157,32
32,317
317,32
32,239
239,32
32,304
304,32
32,204
204,32
32,320
320,32
32,81
81,32
32,113
113,32
32,222
222,32
32,183
183,32
32,285
285,32
32,236
236,32
32,174
174,32
33,192
192,33
33,71
71,33
33,80
80,33
33,213
213,33
33,47
47,33
33,326
326,33
33,217
217,33
33,257
257,33
33,280
280,33
33,126
126,33
33,316
316,33
34,205
205,34
34,328
328,34
34,232
232,34
34,177
177,34
34,210
210,34
34,104
104,34
34,182
182,34
34,40
40,34
34,47
47,34
34,326
326,34
34,70
70,34
34,49
49,34
34,93
93,34
34,216
216,34
34,271
271,34
34,89
89,34
34,249
249,34
34,230
230,34
34,274
274,34
34,92
92,34
34,128
128,34
34,103
103,34
34,220
220,34
34,332
332,34
34,126
126,34
34,107
107,34
329,91
91,329
329,133
133,329
329,200
200,329
329,145
145,329
329,54
54,329
329,177
177,329
329,156
156,329
329,82
82,329
329,142
142,329
329,324
324,329
329,83
83,329
329,279
279,329
329,74
74,329
329,39
39,329
329,234
234,329
329,299
299,329
329,108
108,329
329,61
61,329
329,154
154,329
329,153
153,329
329,256
256,329
329,323
323,329
329,229
229,329
329,223
223,329
329,231
231,329
329,261
261,329
329,238
238,329
329,137
137,329
329,136
136,329
329,42
42,329
329,106
106,329
329,320
320,329
329,139
139,329
329,81
81,329
329,243
243,329
329,68
68,329
329,85
85,329
329,309
309,329
329,310
310,329
329,45
45,329
329,119
119,329
329,141
141,329
329,134
134,329
329,65
65,329
329,276
276,329
329,53
53,329
329,131
131,329
329,253
253,329
329,67
67,329
329,116
116,329
329,146
146,329
329,275
275,329
330,222
222,330
330,103
103,330
330,332
332,330
35,327
327,35
35,40
40,35
35,49
49,35
35,93
93,35
35,271
271,35
35,249
249,35
35,87
87,35
35,107
107,35
36,233
233,36
36,196
196,36
36,48
48,36
36,207
207,36
36,255
255,36
36,37
37,36
36,247
247,36
36,72
72,36
36,167
167,36
36,194
194,36
37,233
233,37
37,196
196,37
37,48
48,37
37,207
207,37
37,290
290,37
37,264
264,37
37,278
278,37
37,206
206,37
37,168
168,37
37,255
255,37
37,250
250,37
37,152
152,37
37,159
159,37
37,247
247,37
37,214
214,37
37,318
318,37
37,164
164,37
37,72
72,37
37,244
244,37
37,167
167,37
37,184
184,37
37,193
193,37
38,260
260,38
38,54
54,38
38,180
180,38
38,153
153,38
38,256
256,38
38,289
289,38
38,140
140,38
38,136
136,38
38,84
84,38
38,224
224,38
38,139
139,38
38,62
62,38
38,138
138,38
38,67
67,38
38,146
146,38
39,81
81,39
40,205
205,40
40,328
328,40
40,71
71,40
40,232
232,40
40,210
210,40
40,104
104,40
40,182
182,40
40,209
209,40
40,47
47,40
40,180
180,40
40,75
75,40
40,326
326,40
40,95
95,40
40,70
70,40
40,121
121,40
40,212
212,40
40,49
49,40
40,93
93,40
40,216
216,40
40,271
271,40
40,296
296,40
40,249
249,40
40,230
230,40
40,274
274,40
40,92
92,40
40,272
272,40
40,128
128,40
40,87
87,40
40,65
65,40
40,220
220,40
40,107
107,40
40,277
277,40
41,225
225,41
41,145
145,41
41,96
96,41
41,123
123,41
41,74
74,41
41,52
52,41
41,108
108,41
41,282
282,41
41,323
323,41
41,57
57,41
41,261
261,41
41,137
137,41
41,320
320,41
41,81
81,41
41,53
53,41
41,275
275,41
42,91
91,42
42,200
200,42
42,265
265,42
42,123
123,42
42,74
74,42
42,108
108,42
42,223
223,42
42,231
231,42
42,261
261,42
42,137
137,42
42,292
292,42
42,219
219,42
42,65
65,42
42,53
53,42
42,275
275,42
42,76
76,42
43,279
279,43
43,74
74,43
43,52
52,43
43,108
108,43
43,315
315,43
43,101
101,43
43,311
311,43
43,223
223,43
43,137
137,43
43,320
320,43
43,81
81,43
43,276
276,43
44,160
160,44
44,185
185,44
44,191
191,44
44,258
258,44
44,273
273,44
45,293
293,45
45,51
51,45
45,145
145,45
45,99
99,45
45,149
149,45
45,142
142,45
45,96
96,45
45,117
117,45
45,55
55,45
45,110
110,45
45,180
180,45
45,299
299,45
45,291
291,45
45,322
322,45
45,172
172,45
45,268
268,45
45,153
153,45
45,46
46,45
45,319
319,45
45,256
256,45
45,132
132,45
45,289
289,45
45,267
267,45
45,140
140,45
45,148
148,45
45,118
118,45
45,151
151,45
45,321
321,45
45,64
64,45
45,144
144,45
45,157
157,45
45,136
136,45
45,106
106,45
45,219
219,45
45,224
224,45
45,84
84,45
45,286
286,45
45,139
139,45
45,138
138,45
45,147
147,45
45,303
303,45
45,246
246,45
45,135
135,45
45,141
141,45
45,65
65,45
45,111
111,45
45,67
67,45
45,116
116,45
45,146
146,45
45,88
88,45
45,269
269,45
45,98
98,45
46,293
293,46
46,145
145,46
46,149
149,46
46,142
142,46
46,96
96,46
46,55
55,46
46,234
234,46
46,306
306,46
46,180
180,46
46,299
299,46
46,108
108,46
46,291
291,46
46,322
322,46
46,172
172,46
46,268
268,46
46,319
319,46
46,132
132,46
46,289
289,46
46,267
267,46
46,140
140,46
46,148
148,46
46,157
157,46
46,224
224,46
46,84
84,46
46,286
286,46
46,115
115,46
46,139
139,46
46,251
251,46
46,147
147,46
46,303
303,46
46,135
135,46
46,141
141,46
46,138
138,46
46,65
65,46
46,111
111,46
46,146
146,46
46,269
269,46
47,328
328,47
47,71
71,47
47,294
294,47
47,80
80,47
47,182
182,47
47,213
213,47
47,122
122,47
47,75
75,47
47,326
326,47
47,188
188,47
47,70
70,47
47,121
121,47
47,49
49,47
47,93
93,47
47,127
127,47
47,89
89,47
47,257
257,47
47,78
78,47
47,227
227,47
47,92
92,47
47,128
128,47
47,280
280,47
47,312
312,47
47,126
126,47
47,316
316,47
47,107
107,47
48,233
233,48
48,196
196,48
48,207
207,48
48,290
290,48
48,264
264,48
48,198
198,48
48,278
278,48
48,206
206,48
48,168
168,48
48,255
255,48
48,250
250,48
48,152
152,48
48,159
159,48
48,247
247,48
48,214
214,48
48,318
318,48
48,164
164,48
48,72
72,48
48,244
244,48
48,167
167,48
48,184
184,48
48,193
193,48
48,194
194,48
49,205
205,49
49,328
328,49
49,232
232,49
49,294
294,49
49,210
210,49
49,104
104,49
49,209
209,49
49,213
213,49
49,75
75,49
49,326
326,49
49,95
95,49
49,70
70,49
49,121
121,49
49,212
212,49
49,93
93,49
49,216
216,49
49,271
271,49
49,127
127,49
49,89
89,49
49,257
257,49
49,296
296,49
49,249
249,49
49,230
230,49
49,274
274,49
49,92
92,49
49,272
272,49
49,128
128,49
49,87
87,49
49,280
280,49
49,220
220,49
49,332
332,49
49,107
107,49
50,112
112,50
50,283
283,50
50,292
292,50
50,288
288,50
51,96
96,51
51,74
74,51
51,291
291,51
51,172
172,51
51,315
315,51
51,101
101,51
51,311
311,51
51,144
144,51
51,219
219,51
51,187
187,51
51,303
303,51
51,65
65,51
51,111
111,51
51,300
300,51
51,146
146,51
51,269
269,51
52,225
225,52
52,54
54,52
52,156
156,52
52,182
182,52
52,123
123,52
52,279
279,52
52,74
74,52
52,108
108,52
52,323
323,52
52,229
229,52
52,223
223,52
52,189
189,52
52,137
137,52
52,320
320,52
52,81
81,52
52,68
68,52
52,85
85,52
52,310
310,52
52,143
143,52
52,276
276,52
52,53
53,52
52,161
161,52
53,90
90,53
53,91
91,53
53,225
225,53
53,287
287,53
53,217
217,53
53,200
200,53
53,145
145,53
53,54
54,53
53,156
156,53
53,82
82,53
53,324
324,53
53,123
123,53
53,83
83,53
53,279
279,53
53,74
74,53
53,108
108,53
53,61
61,53
53,154
154,53
53,259
259,53
53,112
112,53
53,178
178,53
53,252
252,53
53,229
229,53
53,201
201,53
53,223
223,53
53,261
261,53
53,79
79,53
53,137
137,53
53,106
106,53
53,219
219,53
53,81
81,53
53,243
243,53
53,68
68,53
53,85
85,53
53,310
310,53
53,119
119,53
53,143
143,53
53,134
134,53
53,276
276,53
53,131
131,53
53,77
77,53
53,253
253,53
53,208
208,53
53,275
275,53
53,76
76,53
54,91
91,54
54,260
260,54
54,145
145,54
54,156
156,54
54,153
153,54
54,323
323,54
54,189
189,54
55,293
293,55
55,133
133,55
55,260
260,55
55,149
149,55
55,96
96,55
55,117
117,55
55,94
94,55
55,180
180,55
55,299
299,55
55,291
291,55
55,322
322,55
55,172
172,55
55,268
268,55
55,153
153,55
55,319
319,55
55,256
256,55
55,132
132,55
55,289
289,55
55,267
267,55
55,140
140,55
55,151
151,55
55,64
64,55
55,157
157,55
55,137
137,55
55,106
106,55
55,224
224,55
55,84
84,55
55,286
286,55
55,115
115,55
55,139
139,55
55,62
62,55
55,262
262,55
55,251
251,55
55,147
147,55
55,303
303,55
55,246
246,55
55,135
135,55
55,141
141,55
55,138
138,55
55,65
65,55
55,111
111,55
55,161
161,55
55,116
116,55
55,146
146,55
55,88
88,55
55,269
269,55
56,73
73,56
56,225
225,56
56,287
287,56
56,145
145,56
56,156
156,56
56,123
123,56
56,112
112,56
56,282
282,56
56,201
201,56
56,301
301,56
56,120
120,56
56,137
137,56
56,292
292,56
56,85
85,56
56,195
195,56
56,208
208,56
56,76
76,56
57,123
123,57
57,108
108,57
57,229
229,57
57,81
81,57
57,176
176,57
57,87
87,57
57,253
253,57
57,275
275,57
59,91
91,59
59,225
225,59
59,145
145,59
59,156
156,59
59,112
112,59
59,282
282,59
59,323
323,59
59,201
201,59
59,223
223,59
59,120
120,59
59,137
137,59
59,219
219,59
59,119
119,59
60,170
170,60
60,109
109,60
61,200
200,61
61,145
145,61
61,265
265,61
61,279
279,61
61,108
108,61
61,81
81,61
61,276
276,61
61,275
275,61
62,260
260,62
62,96
96,62
62,299
299,62
62,268
268,62
62,199
199,62
62,132
132,62
62,151
151,62
62,219
219,62
62,139
139,62
62,147
147,62
62,303
303,62
62,246
246,62
62,211
211,62
62,65
65,62
62,111
111,62
62,67
67,62
62,146
146,62
62,277
277,62
64,133
133,64
64,145
145,64
64,96
96,64
64,117
117,64
64,180
180,64
64,291
291,64
64,172
172,64
64,268
268,64
64,153
153,64
64,319
319,64
64,256
256,64
64,132
132,64
64,231
231,64
64,148
148,64
64,151
151,64
64,321
321,64
64,157
157,64
64,136
136,64
64,106
106,64
64,114
114,64
64,251
251,64
64,147
147,64
64,303
303,64
64,246
246,64
64,211
211,64
64,65
65,64
64,67
67,64
64,116
116,64
64,88
88,64
64,269
269,64
65,293
293,65
65,145
145,65
65,186
186,65
65,149
149,65
65,142
142,65
65,96
96,65
65,180
180,65
65,299
299,65
65,291
291,65
65,322
322,65
65,240
240,65
65,268
268,65
65,153
153,65
65,319
319,65
65,256
256,65
65,132
132,65
65,289
289,65
65,218
218,65
65,267
267,65
65,140
140,65
65,118
118,65
65,151
151,65
65,157
157,65
65,136
136,65
65,106
106,65
65,114
114,65
65,292
292,65
65,219
219,65
65,224
224,65
65,84
84,65
65,286
286,65
65,115
115,65
65,139
139,65
65,147
147,65
65,303
303,65
65,246
246,65
65,135
135,65
65,141
141,65
65,138
138,65
65,111
111,65
65,67
67,65
65,116
116,65
65,146
146,65
65,88
88,65
65,269
269,65
65,174
174,65
67,145
145,67
67,96
96,67
67,180
180,67
67,172
172,67
67,153
153,67
67,256
256,67
67,132
132,67
67,289
289,67
67,231
231,67
67,136
136,67
67,224
224,67
67,286
286,67
67,222
222,67
67,111
111,67
67,146
146,67
67,269
269,67
68,91
91,68
68,287
287,68
68,145
145,68
68,182
182,68
68,279
279,68
68,108
108,68
68,223
223,68
68,243
243,68
68,85
85,68
68,310
310,68
68,134
134,68
68,77
77,68
69,281
281,69
70,328
328,70
70,71
71,70
70,210
210,70
70,75
75,70
70,326
326,70
70,121
121,70
70,271
271,70
70,249
249,70
70,230
230,70
70,92
92,70
70,128
128,70
70,103
103,70
70,332
332,70
71,192
192,71
71,328
328,71
71,80
80,71
71,213
213,71
71,75
75,71
71,326
326,71
71,121
121,71
71,212
212,71
71,127
127,71
71,257
257,71
71,227
227,71
71,128
128,71
71,280
280,71
71,312
312,71
71,126
126,71
71,316
316,71
72,233
233,72
72,196
196,72
72,207
207,72
72,290
290,72
72,264
264,72
72,198
198,72
72,278
278,72
72,206
206,72
72,168
168,72
72,255
255,72
72,250
250,72
72,152
152,72
72,159
159,72
72,247
247,72
72,214
214,72
72,318
318,72
72,164
164,72
72,244
244,72
72,167
167,72
72,184
184,72
72,193
193,72
72,194
194,72
73,225
225,73
73,287
287,73
73,145
145,73
73,156
156,73
73,123
123,73
73,282
282,73
73,201
201,73
73,301
301,73
73,120
120,73
73,292
292,73
73,85
85,73
73,143
143,73
73,208
208,73
73,195
195,73
74,90
90,74
74,91
91,74
74,302
302,74
74,145
145,74
74,156
156,74
74,279
279,74
74,108
108,74
74,252
252,74
74,100
100,74
74,223
223,74
74,231
231,74
74,261
261,74
74,144
144,74
74,79
79,74
74,157
157,74
74,137
137,74
74,320
320,74
74,81
81,74
74,243
243,74
74,310
310,74
74,138
138,74
74,134
134,74
74,276
276,74
74,161
161,74
74,77
77,74
74,253
253,74
74,300
300,74
74,146
146,74
74,275
275,74
74,88
88,74
75,328
328,75
75,210
210,75
75,80
80,75
75,213
213,75
75,326
326,75
75,121
121,75
75,93
93,75
75,127
127,75
75,257
257,75
75,78
78,75
75,227
227,75
75,92
92,75
75,128
128,75
75,280
280,75
75,220
220,75
75,316
316,75
75,107
107,75
76,287
287,76
76,217
217,76
76,145
145,76
76,186
186,76
76,156
156,76
76,83
83,76
76,154
154,76
76,259
259,76
76,112
112,76
76,178
178,76
76,282
282,76
76,201
201,76
76,261
261,76
76,120
120,76
76,292
292,76
76,243
243,76
76,85
85,76
76,143
143,76
76,190
190,76
76,208
208,76
77,91
91,77
77,225
225,77
77,200
200,77
77,265
265,77
77,186
186,77
77,223
223,77
77,261
261,77
77,243
243,77
77,119
119,77
77,276
276,77
77,275
275,77
78,326
326,78
79,90
90,79
79,91
91,79
79,225
225,79
79,200
200,79
79,145
145,79
79,156
156,79
79,279
279,79
79,108
108,79
79,112
112,79
79,283
283,79
79,153
153,79
79,282
282,79
79,223
223,79
79,261
261,79
79,137
137,79
79,292
292,79
79,320
320,79
79,81
81,79
79,243
243,79
79,176
176,79
79,275
275,79
80,192
192,80
80,122
122,80
80,188
188,80
80,121
121,80
80,257
257,80
80,227
227,80
80,92
92,80
80,280
280,80
80,312
312,80
80,316
316,80
81,90
90,81
81,91
91,81
81,225
225,81
81,202
202,81
81,200
200,81
81,145
145,81
81,156
156,81
81,82
82,81
81,324
324,81
81,83
83,81
81,108
108,81
81,154
154,81
81,178
178,81
81,252
252,81
81,229
229,81
81,223
223,81
81,308
308,81
81,106
106,81
81,320
320,81
81,309
309,81
81,176
176,81
81,134
134,81
81,276
276,81
81,161
161,81
81,275
275,81
82,90
90,82
82,145
145,82
82,108
108,82
82,261
261,82
82,292
292,82
82,320
320,82
82,309
309,82
82,176
176,82
82,275
275,82
83,90
90,83
83,91
91,83
83,225
225,83
83,108
108,83
83,112
112,83
83,201
201,83
83,292
292,83
83,243
243,83
83,176
176,83
83,275
275,83
84,293
293,84
84,133
133,84
84,145
145,84
84,149
149,84
84,96
96,84
84,279
279,84
84,117
117,84
84,314
314,84
84,94
94,84
84,180
180,84
84,299
299,84
84,291
291,84
84,322
322,84
84,172
172,84
84,268
268,84
84,153
153,84
84,319
319,84
84,132
132,84
84,289
289,84
84,267
267,84
84,140
140,84
84,151
151,84
84,238
238,84
84,137
137,84
84,136
136,84
84,224
224,84
84,286
286,84
84,115
115,84
84,139
139,84
84,262
262,84
84,147
147,84
84,303
303,84
84,246
246,84
84,135
135,84
84,141
141,84
84,138
138,84
84,111
111,84
84,161
161,84
84,146
146,84
84,88
88,84
84,269
269,84
85,225
225,85
85,145
145,85
85,156
156,85
85,279
279,85
85,234
234,85
85,306
306,85
85,108
108,85
85,282
282,85
85,201
201,85
85,231
231,85
85,292
292,85
85,310
310,85
85,276
276,85
85,208
208,85
87,209
209,87
87,93
93,87
87,271
271,87
88,96
96,88
88,180
180,88
88,299
299,88
88,172
172,88
88,315
315,88
88,268
268,88
88,319
319,88
88,256
256,88
88,132
132,88
88,101
101,88
88,267
267,88
88,311
311,88
88,165
165,88
88,144
144,88
88,292
292,88
88,224
224,88
88,286
286,88
88,115
115,88
88,139
139,88
88,187
187,88
88,303
303,88
88,135
135,88
88,300
300,88
88,146
146,88
88,269
269,88
89,328
328,89
89,188
188,89
89,93
93,89
89,249
249,89
89,230
230,89
89,280
208,89
89,220
220,89
89,126
126,89
90,91
91,90
90,108
108,90
90,154
154,90
90,259
259,90
90,282
282,90
90,223
223,90
90,261
261,90
90,292
292,90
90,176
176,90
90,134
134,90
90,275
275,90
91,225
225,91
91,200
200,91
91,145
145,91
91,186
186,91
91,265
265,91
91,156
156,91
91,108
108,91
91,154
154,91
91,112
112,91
91,223
223,91
91,261
261,91
91,137
137,91
91,292
292,91
91,243
243,91
91,310
310,91
91,134
134,91
91,276
276,91
91,131
131,91
91,253
253,91
91,116
116,91
91,146
146,91
91,275
275,91
92,328
328,92
92,104
104,92
92,182
182,92
92,121
121,92
92,212
212,92
92,257
257,92
92,249
249,92
92,227
227,92
92,220
220,92
92,316
316,92
93,205
205,93
93,328
328,93
93,232
232,93
93,210
210,93
93,104
104,93
93,182
182,93
93,209
209,93
93,327
327,93
93,95
95,93
93,212
212,93
93,216
216,93
93,271
271,93
93,230
230,93
93,274
274,93
93,147
147,93
93,128
128,93
93,103
103,93
93,220
220,93
93,332
332,93
93,107
107,93
94,268
268,94
94,256
256,94
94,267
267,94
94,137
137,94
94,219
219,94
94,266
266,94
94,303
303,94
95,328
328,95
95,150
150,95
95,307
307,95
95,249
249,95
95,103
103,95
95,220
220,95
95,332
332,95
96,293
293,96
96,133
133,96
96,145
145,96
96,180
180,96
96,299
299,96
96,291
291,96
96,322
322,96
96,268
268,96
96,319
319,96
96,132
132,96
96,289
289,96
96,267
267,96
96,140
140,96
96,148
148,96
96,118
118,96
96,144
144,96
96,157
157,96
96,106
106,96
96,224
224,96
96,286
286,96
96,115
115,96
96,139
139,96
96,262
262,96
96,274
274,96
96,251
251,96
96,147
147,96
96,303
303,96
96,246
246,96
96,135
135,96
96,138
138,96
96,211
211,96
96,111
111,96
96,146
146,96
96,269
269,96
97,112
112,97
97,283
283,97
97,288
288,97
98,101
101,98
98,311
311,98
98,144
144,98
98,187
187,98
98,300
300,98
98,146
146,98
99,298
298,99
99,102
102,99
99,153
153,99
99,155
155,99
99,106
106,99
99,262
262,99
99,274
274,99
99,146
146,99
100,101
101,100
100,311
311,100
100,144
144,100
100,187
187,100
100,300
300,100
100,146
146,100
101,226
226,101
101,302
302,101
101,299
299,101
101,315
315,101
101,132
132,101
101,311
311,101
101,297
297,101
101,321
321,101
101,144
144,101
101,157
157,101
101,106
106,101
101,262
262,101
101,187
187,101
101,147
147,101
101,266
266,101
101,166
166,101
101,300
300,101
101,146
146,101
102,298
298,102
102,262
262,102
103,328
328,103
103,182
182,103
103,121
121,103
103,249
249,103
103,126
126,103
104,205
205,104
104,328
328,104
104,210
210,104
104,188
188,104
104,216
216,104
104,271
271,104
104,249
249,104
104,230
230,104
104,274
274,104
104,220
220,104
104,126
126,104
104,269
269,104
105,249
249,105
105,222
222,105
106,145
145,106
106,177
177,106
106,180
180,106
106,299
299,106
106,291
291,106
106,172
172,106
106,315
315,106
106,268
268,106
106,289
289,106
106,231
231,106
106,139
139,106
106,147
147,106
106,303
303,106
106,300
300,106
106,146
146,106
106,269
269,106
107,205
205,107
107,328
328,107
107,210
210,107
107,326
326,107
107,216
216,107
107,271
271,107
107,249
249,107
107,230
230,107
107,274
274,107
107,220
220,107
108,225
225,108
108,133
133,108
108,200
200,108
108,145
145,108
108,156
156,108
108,298
298,108
108,324
324,108
108,182
182,108
108,123
123,108
108,279
279,108
108,314
314,108
108,112
112,108
108,178
178,108
108,252
252,108
108,231
231,108
108,261
261,108
108,137
137,108
108,320
320,108
108,243
243,108
108,309
309,108
108,310
310,108
108,176
176,108
108,143
143,108
108,134
134,108
108,276
276,108
108,161
161,108
108,253
253,108
108,275
275,108
109,170
170,109
110,180
180,110
110,172
172,110
110,165
165,110
110,144
144,110
110,286
286,110
110,146
146,110
111,293
293,111
111,180
180,111
111,299
299,111
111,291
291,111
111,268
268,111
111,322
322,111
111,319
319,111
111,256
256,111
111,132
132,111
111,289
289,111
111,140
140,111
111,144
144,111
111,157
157,111
111,224
224,111
111,286
286,111
111,115
115,111
111,139
139,111
111,262
262,111
111,147
147,111
111,303
303,111
111,246
246,111
111,135
135,111
111,138
138,111
111,146
146,111
111,269
269,111
112,225
225,112
112,287
287,112
112,217
217,112
112,200
200,112
112,154
154,112
112,259
259,112
112,178
178,112
112,283
283,112
112,282
282,112
112,201
201,112
112,120
120,112
112,292
292,112
112,243
243,112
112,310
310,112
112,158
158,112
112,119
119,112
112,134
134,112
112,190
190,112
112,195
195,112
112,208
208,112
112,288
288,112
112,275
275,112
113,177
177,113
113,314
314,113
113,240
240,113
113,150
150,113
113,254
254,113
113,173
173,113
113,307
307,113
113,317
317,113
113,136
136,113
113,239
239,113
113,221
221,113
113,222
222,113
113,183
183,113
113,285
285,113
113,174
174,113
114,144
144,114
114,115
115,114
114,119
119,114
115,293
293,115
115,149
149,115
115,180
180,115
115,299
299,115
115,322
322,115
115,172
172,115
115,268
268,115
115,319
319,115
115,132
132,115
115,289
289,115
115,267
267,115
115,140
140,115
115,118
118,115
115,224
224,115
115,286
286,115
115,139
139,115
115,303
303,115
115,135
135,115
115,141
141,115
115,138
138,115
115,211
211,115
115,146
146,115
115,269
269,115
116,260
260,116
116,145
145,116
116,299
299,116
116,268
268,116
116,153
153,116
116,256
256,116
116,144
144,116
116,136
136,116
116,219
219,116
116,224
224,116
116,286
286,116
116,139
139,116
116,147
147,116
116,138
138,116
116,146
146,116
117,177
177,117
117,153
153,117
117,256
256,117
117,132
132,117
117,267
267,117
117,303
303,117
118,293
293,118
118,149
149,118
118,180
180,118
118,140
140,118
118,224
224,118
119,225
225,119
119,287
287,119
119,145
145,119
119,259
259,119
119,120
120,119
119,292
292,119
119,310
310,119
119,134
134,119
120,225
225,120
120,287
287,120
120,217
217,120
120,145
145,120
120,156
156,120
120,279
279,120
120,259
259,120
120,282
282,120
120,201
201,120
120,190
190,120
120,195
195,120
120,208
208,120
121,213
213,121
121,326
326,121
121,257
257,121
121,280
280,121
121,220
220,121
121,316
316,121
122,188
188,122
122,257
257,122
122,280
280,122
122,312
312,122
122,316
316,122
123,265
265,123
123,156
156,123
123,154
154,123
123,261
261,123
123,292
292,123
123,143
143,123
123,253
253,123
123,275
275,123
125,228
228,125
126,328
328,126
126,213
213,126
126,326
326,126
126,188
188,126
126,257
257,126
126,249
249,126
126,227
227,126
127,192
192,127
127,326
326,127
127,257
257,127
127,227
227,127
127,280
280,127
127,316
316,127
128,210
210,128
129,172
172,129
129,153
153,129
129,289
289,129
129,138
138,129
129,285
285,129
131,200
200,131
131,145
145,131
131,186
186,131
131,156
156,131
131,219
219,131
131,320
320,131
131,243
243,131
131,275
275,131
132,293
293,132
132,145
145,132
132,149
149,132
132,180
180,132
132,299
299,132
132,322
322,132
132,268
268,132
132,319
319,132
132,289
289,132
132,267
267,132
132,201
201,132
132,140
140,132
132,231
231,132
132,254
254,132
132,224
224,132
132,286
286,132
132,139
139,132
132,147
147,132
132,303
303,132
132,246
246,132
132,135
135,132
132,138
138,132
132,300
300,132
132,146
146,132
132,269
269,132
133,265
265,133
133,186
186,133
133,172
172,133
133,153
153,133
133,256
256,133
133,144
144,133
133,137
137,133
133,219
219,133
133,139
139,133
133,276
276,133
133,146
146,133
133,269
269,133
134,225
225,134
134,200
200,134
134,156
156,134
134,279
279,134
134,261
261,134
134,320
320,134
134,243
243,134
134,310
310,134
134,176
176,134
134,275
275,134
135,292
292,135
135,149
149,135
135,180
180,135
135,299
299,135
135,291
291,135
135,322
322,135
135,268
268,135
135,319
319,135
135,289
289,135
135,267
267,135
135,311
311,135
135,140
140,135
135,151
151,135
135,144
144,135
135,224
224,135
135,286
286,135
135,139
139,135
135,147
147,135
135,303
303,135
135,246
246,135
135,138
138,135
135,146
146,135
135,269
269,135
136,293
293,136
136,156
156,136
136,248
248,136
136,171
171,136
136,299
299,136
136,172
172,136
136,153
153,136
136,256
256,136
136,218
218,136
136,155
155,136
136,150
150,136
136,254
254,136
136,261
261,136
136,173
173,136
136,307
307,136
136,238
238,136
136,317
317,136
136,239
239,136
136,221
221,136
136,304
304,136
136,204
204,136
136,139
139,136
136,147
147,136
136,183
183,136
136,285
285,136
136,295
295,136
136,269
269,136
136,236
236,136
137,293
293,137
137,225
225,137
137,287
287,137
137,200
200,137
137,182
182,137
137,279
279,137
137,314
314,137
137,322
322,137
137,172
172,137
137,154
154,137
137,201
201,137
137,231
231,137
137,261
261,137
137,292
292,137
137,219
219,137
137,320
320,137
137,161
161,137
137,253
253,137
137,195
195,137
137,275
275,137
138,293
293,138
138,260
260,138
138,149
149,138
138,180
180,138
138,299
299,138
138,291
291,138
138,322
322,138
138,172
172,138
138,268
268,138
138,319
319,138
138,289
289,138
138,267
267,138
138,140
140,138
138,148
148,138
138,151
151,138
138,144
144,138
138,157
157,138
138,224
224,138
138,286
286,138
138,139
139,138
138,272
272,138
138,251
251,138
138,147
147,138
138,303
303,138
138,246
246,138
138,141
141,138
138,146
146,138
138,269
269,138
138,277
277,138
139,293
293,139
139,145
145,139
139,180
180,139
139,299
299,139
139,291
291,139
139,322
322,139
139,172
172,139
139,268
268,139
139,319
319,139
139,256
256,139
139,289
289,139
139,267
267,139
139,140
140,139
139,151
151,139
139,144
144,139
139,242
242,139
139,157
157,139
139,224
224,139
139,286
286,139
139,251
251,139
139,147
147,139
139,303
303,139
139,141
141,139
139,300
300,139
139,146
146,139
139,269
269,139
139,277
277,139
140,145
145,140
140,180
180,140
140,299
299,140
140,291
291,140
140,172
172,140
140,268
268,140
140,319
319,140
140,289
289,140
140,267
267,140
140,144
144,140
140,224
224,140
140,286
286,140
140,147
147,140
140,303
303,140
140,146
146,140
140,269
269,140
141,260
260,141
141,145
145,141
141,234
234,141
141,306
306,141
141,180
180,141
141,299
299,141
141,291
291,141
141,172
172,141
141,289
289,141
141,267
267,141
141,286
286,141
141,310
310,141
141,147
147,141
141,303
303,141
141,146
146,141
142,145
145,142
142,306
306,142
142,234
234,142
142,289
289,142
142,231
231,142
142,286
286,142
142,147
147,142
143,186
186,143
143,265
265,143
143,261
261,143
144,299
299,144
144,172
172,144
144,315
315,144
144,203
203,144
144,311
311,144
144,297
297,144
144,157
157,144
144,219
219,144
144,224
224,144
144,187
187,144
144,251
251,144
144,246
246,144
144,211
211,144
144,300
300,144
144,146
146,144
144,269
269,144
145,225
225,145
145,287
287,145
145,217
217,145
145,200
200,145
145,156
156,145
145,149
149,145
145,234
234,145
145,306
306,145
145,180
180,145
145,299
299,145
145,291
291,145
145,322
322,145
145,154
154,145
145,282
282,145
145,218
218,145
145,229
229,145
145,201
201,145
145,231
231,145
145,148
148,145
145,301
301,145
145,238
238,145
145,292
292,145
145,219
219,145
145,224
224,145
145,286
286,145
145,320
320,145
145,305
305,145
145,243
243,145
145,309
309,145
145,310
310,145
145,147
147,145
145,246
246,145
145,276
276,145
145,195
195,145
145,208
208,145
145,269
269,145
146,293
293,146
146,260
260,146
146,302
302,146
146,180
180,146
146,299
299,146
146,291
291,146
146,322
322,146
146,172
172,146
146,315
315,146
146,268
268,146
146,153
153,146
146,319
319,146
146,256
256,146
146,286
286,146
146,267
267,146
146,311
311,146
146,165
165,146
146,157
157,146
146,224
224,146
146,286
286,146
146,251
251,146
146,147
147,146
146,303
303,146
146,246
246,146
146,211
211,146
146,300
300,146
146,269
269,146
147,293
293,147
147,260
260,147
147,149
149,147
147,180
180,147
147,299
299,147
147,322
322,147
147,268
268,147
147,319
319,147
147,289
289,147
147,267
267,147
147,224
224,147
147,286
286,147
147,251
251,147
147,303
303,147
147,246
246,147
147,269
269,147
148,234
234,148
148,306
306,148
148,291
291,148
148,289
289,148
148,231
231,148
148,286
286,148
149,180
180,149
149,299
299,149
149,291
291,149
149,153
153,149
149,319
319,149
149,256
256,149
149,289
289,149
149,267
267,149
149,286
286,149
149,266
266,149
149,303
303,149
149,269
269,149
150,177
177,150
150,248
248,150
150,171
171,150
150,155
155,150
150,254
254,150
150,173
173,150
150,307
307,150
150,317
317,150
150,221
221,150
150,304
304,150
150,204
204,150
150,183
183,150
150,285
285,150
150,295
295,150
150,236
236,150
151,260
260,151
151,299
299,151
151,268
268,151
151,289
289,151
151,317
317,151
151,183
183,151
151,303
303,151
152,233
233,152
152,196
196,152
152,207
207,152
152,290
290,152
152,264
264,152
152,278
278,152
152,206
206,152
152,168
168,152
152,255
255,152
152,250
250,152
152,159
159,152
152,247
247,152
152,214
214,152
152,318
318,152
152,164
164,152
152,244
244,152
152,167
167,152
152,184
184,152
152,193
193,152
152,194
194,152
153,260
260,153
153,180
180,153
153,299
299,153
153,268
268,153
153,256
256,153
153,321
321,153
153,251
251,153
153,246
246,153
153,211
211,153
154,200
200,154
154,186
186,154
154,261
261,154
154,292
292,154
154,275
275,154
155,281
281,155
155,177
177,155
155,240
240,155
155,267
267,155
155,173
173,155
155,307
307,155
155,317
317,155
155,239
239,155
155,221
221,155
155,183
183,155
155,303
303,155
155,285
285,155
155,174
174,155
156,225
225,156
156,287
287,156
156,217
217,156
156,202
202,156
156,200
200,156
156,234
234,156
156,259
259,156
156,282
282,156
156,323
323,156
156,229
229,156
156,201
201,156
156,189
189,156
156,254
254,156
156,301
301,156
156,238
238,156
156,292
292,156
156,320
320,156
156,243
243,156
156,310
310,156
156,276
276,156
156,195
195,156
156,208
208,156
156,275
275,156
157,180
180,157
157,299
299,157
157,291
291,157
157,172
172,157
157,315
315,157
157,289
289,157
157,311
311,157
157,219
219,157
157,286
286,157
157,266
266,157
157,300
300,157
157,269
269,157
158,283
283,158
158,288
288,158
159,233
233,159
159,196
196,159
159,207
207,159
159,290
290,159
159,264
264,159
159,278
278,159
159,206
206,159
159,168
168,159
159,255
255,159
159,250
250,159
159,318
318,159
159,164
164,159
159,244
244,159
159,167
167,159
159,193
193,159
159,194
194,159
160,258
258,160
160,270
270,160
161,279
279,161
161,314
314,161
161,291
291,161
162,175
175,162
162,199
199,162
162,273
273,162
164,196
196,164
164,207
207,164
164,290
290,164
164,264
264,164
164,278
278,164
164,168
168,164
164,255
255,164
164,250
250,164
164,214
214,164
164,318
318,164
164,167
167,164
164,184
184,164
164,193
193,164
166,187
187,166
167,233
233,167
167,196
196,167
167,207
207,167
167,250
250,167
167,264
264,167
167,290
290,167
167,198
198,167
167,278
278,167
167,168
168,167
167,255
255,167
167,247
247,167
167,244
244,167
167,184
184,167
167,193
193,167
167,194
194,167
168,233
233,168
168,196
196,168
168,207
207,168
168,290
290,168
168,264
264,168
168,206
206,168
168,255
255,168
168,250
250,168
168,247
247,168
168,214
214,168
168,318
318,168
168,244
244,168
168,193
193,168
168,194
194,168
169,299
299,169
169,173
173,169
169,317
317,169
169,222
222,169
169,183
183,169
169,275
275,169
169,285
285,169
171,177
177,171
171,314
314,171
171,340
340,171
171,254
254,171
171,173
173,171
171,307
307,171
171,317
317,171
171,239
239,171
171,221
221,171
171,183
183,171
171,285
285,171
171,174
174,171
172,260
260,172
172,298
298,172
172,180
180,172
172,299
299,172
172,291
291,172
172,322
322,172
172,315
315,172
172,268
268,172
172,289
289,172
172,321
321,172
172,219
219,172
172,286
286,172
172,251
251,172
172,266
266,172
172,246
246,172
173,281
281,173
173,177
177,173
173,248
248,173
173,240
240,173
173,254
254,173
173,317
317,173
173,239
239,173
173,221
221,173
173,304
304,173
173,204
204,173
173,222
222,173
173,183
183,173
173,285
285,173
173,295
295,173
173,236
236,173
173,174
174,173
174,248
248,174
174,314
314,174
174,240
240,174
174,254
254,174
174,307
307,174
174,317
317,174
174,239
239,174
174,221
221,174
174,304
304,174
174,204
204,174
174,183
183,174
174,285
285,174
174,295
295,174
174,236
236,174
175,199
199,175
175,273
273,175
176,324
324,176
176,320
320,176
176,309
309,176
176,275
275,176
177,281
281,177
177,294
294,177
177,248
248,177
177,314
314,177
177,291
291,177
177,240
240,177
177,254
254,177
177,317
317,177
177,239
239,177
177,221
221,177
177,304
304,177
117,204
204,177
177,222
222,177
177,183
183,177
177,285
285,177
177,295
295,177
177,236
236,177
178,225
225,178
178,282
282,178
178,201
201,178
178,292
292,178
178,243
243,178
178,276
276,178
178,275
275,178
179,181
181,179
180,293
293,180
180,299
299,180
180,291
291,180
180,322
322,180
180,268
268,180
180,319
319,180
180,256
256,180
180,289
289,180
180,267
267,180
180,224
224,180
180,286
286,180
180,262
262,180
180,251
251,180
180,303
303,180
180,246
246,180
180,211
211,180
180,269
269,180
182,188
188,182
188,227
227,182
182,280
280,182
182,220
220,182
182,332
332,182
183,281
281,183
183,248
248,183
183,314
314,183
183,240
240,183
183,254
254,183
183,307
307,183
183,317
317,183
183,239
239,183
183,221
221,183
183,304
304,183
183,204
204,183
183,272
272,183
183,222
222,183
183,285
285,183
183,295
295,183
183,236
236,183
184,233
233,184
184,196
196,184
184,207
207,184
184,290
290,184
184,264
264,184
184,206
206,184
184,255
255,184
184,250
250,184
184,247
247,184
184,214
214,184
184,318
318,184
184,193
193,184
184,194
194,184
185,270
270,185
186,279
279,186
186,282
282,186
186,261
261,186
186,292
292,186
186,276
276,186
186,275
275,186
187,260
260,187
187,273
273,187
188,192
192,188
188,328
328,188
188,326
329,188
188,257
257,188
188,227
227,188
188,280
280,188
188,312
312,188
188,316
316,188
189,323
323,189
190,201
201,190
190,292
292,190
190,208
208,190
191,270
270,191
192,257
257,192
192,280
280,192
193,233
233,193
193,196
196,193
193,207
207,193
193,290
290,193
193,264
264,193
193,278
278,193
193,206
206,193
193,255
255,193
193,250
250,193
193,247
247,193
193,214
214,193
193,318
318,193
193,244
244,193
193,194
194,193
194,233
233,194
194,196
196,194
194,207
207,194
194,290
290,194
194,264
264,194
194,198
198,194
194,278
278,194
194,255
255,194
194,250
250,194
194,247
247,194
194,214
214,194
194,318
318,194
194,244
244,194
195,225
225,195
195,282
282,195
195,201
201,195
195,292
292,195
195,208
208,195
196,233
233,196
196,207
207,196
196,290
290,196
196,264
264,196
196,198
198,196
196,278
278,196
196,206
206,196
196,255
255,196
196,250
250,196
196,247
247,196
196,214
214,196
196,318
318,196
196,244
244,196
198,233
233,198
198,255
255,198
198,250
250,198
198,247
247,198
198,214
214,198
200,279
279,200
200,229
229,200
200,261
261,200
201,225
225,201
201,287
287,201
201,217
217,201
201,259
259,201
201,282
282,201
201,292
292,201
201,243
243,201
201,208
208,201
203,315
315,203
204,281
281,204
204,314
314,204
204,240
240,204
204,254
254,204
204,307
307,204
204,317
317,204
204,239
239,204
204,221
221,204
204,222
222,204
204,285
285,204
205,232
232,205
205,210
210,205
205,220
220,205
206,233
233,206
206,207
207,206
206,290
290,206
206,264
264,206
206,255
255,206
206,250
250,206
206,247
247,206
206,214
214,206
206,318
318,206
206,244
244,206
207,233
233,207
207,290
290,207
207,264
264,207
207,278
278,207
207,255
255,207
207,250
250,207
207,247
247,207
207,244
244,207
208,225
225,208
208,287
287,208
208,217
217,208
208,259
259,208
208,282
282,208
208,231
231,208
208,292
292,208
208,219
219,208
210,232
232,210
210,216
216,210
210,230
230,210
210,249
249,210
210,220
220,210
211,299
299,211
211,291
291,211
211,256
256,211
213,328
328,213
213,257
257,213
213,227
227,213
213,280
280,213
213,316
316,213
214,233
233,214
214,290
290,214
214,264
264,214
214,278
278,214
214,255
255,214
214,250
250,214
214,247
247,214
214,318
318,214
214,244
244,214
215,278
278,215
217,282
282,217
219,225
225,219
219,287
287,219
219,265
265,219
219,268
268,219
219,267
267,219
219,251
251,219
219,303
303,219
219,276
276,219
219,269
269,219
220,232
232,220
220,294
294,220
220,271
271,220
220,249
249,220
220,230
230,220
220,332
332,220
221,281
281,221
221,248
248,221
221,314
314,221
221,240
240,221
221,254
254,221
221,307
307,221
221,317
317,221
221,239
239,221
221,304
304,221
221,222
222,221
221,285
285,221
221,295
295,221
221,236
236,221
222,281
281,222
222,298
298,222
222,248
248,222
222,314
314,222
222,240
240,222
222,254
254,222
222,317
317,222
222,239
239,222
222,304
304,222
222,285
285,222
222,295
295,222
224,293
293,224
224,260
260,224
224,299
299,224
224,291
291,224
224,322
322,224
224,268
268,224
224,319
319,224
224,289
289,224
224,286
286,224
224,303
303,224
224,269
269,224
225,287
287,225
225,279
279,225
225,259
259,225
225,282
282,225
225,231
231,225
225,292
292,225
225,243
243,225
225,276
276,225
225,275
275,225
226,254
254,226
227,326
326,227
227,257
257,227
227,316
316,227
229,323
323,229
229,320
320,229
230,328
328,230
230,294
294,230
230,271
271,230
230,249
249,230
230,274
274,230
230,272
272,230
230,280
280,230
230,332
332,230
230,277
277,230
231,234
234,231
231,286
286,231
231,251
251,231
231,246
246,231
231,253
253,231
231,275
275,231
231,269
269,231
233,290
290,233
233,264
264,233
233,278
278,233
233,255
255,233
233,250
250,233
233,247
247,233
233,318
318,233
233,244
244,233
234,306
306,234
234,305
305,234
234,310
310,234
236,240
240,236
236,307
307,236
236,317
317,236
236,239
239,236
236,285
285,236
238,279
279,238
238,254
254,238
238,275
275,238
239,248
248,239
239,314
314,239
239,240
240,239
239,254
254,239
239,307
307,239
239,317
317,239
239,304
304,239
239,285
285,239
239,295
295,239
240,248
248,240
240,314
314,240
240,254
254,240
240,317
317,240
240,304
304,240
240,285
285,240
240,295
295,240
242,317
317,242
243,287
287,243
243,259
259,243
243,282
282,243
243,310
310,243
243,276
276,243
243,253
253,243
243,275
275,243
244,290
290,244
244,264
264,244
244,278
278,244
244,255
255,244
244,250
250,244
244,318
318,244
246,299
299,246
246,268
268,246
246,256
256,246
246,286
286,246
246,267
267,246
246,286
286,246
246,303
303,246
246,269
269,246
247,290
290,247
247,264
264,247
247,278
278,247
247,255
255,247
247,250
250,247
247,318
318,247
248,314
314,248
248,254
254,248
248,307
307,248
248,317
317,248
248,285
285,248
249,328
328,249
249,271
271,249
249,274
274,249
249,272
272,249
249,332
332,249
249,269
269,249
250,290
290,250
250,264
264,250
250,278
278,250
250,255
255,250
250,318
318,250
251,260
260,251
251,314
314,251
251,299
299,251
251,315
315,251
251,268
268,251
251,289
289,251
251,286
286,251
251,266
266,251
251,285
285,251
252,320
320,252
252,275
275,252
253,261
261,253
253,292
292,253
253,275
275,253
254,314
314,254
254,307
307,254
254,317
317,254
254,304
304,254
254,285
285,254
254,295
295,254
255,290
290,255
255,264
264,255
255,278
278,255
255,318
318,255
256,299
299,256
257,328
328,257
257,280
280,257
257,312
312,257
257,316
316,257
258,270
270,258
259,283
283,259
259,282
282,259
259,292
292,259
259,288
288,259
259,275
275,259
260,299
299,260
260,289
289,260
261,265
265,261
261,275
275,261
262,299
299,262
262,319
319,262
262,289
289,262
264,290
290,264
264,278
278,264
264,318
318,264
265,292
292,265
265,276
276,265
266,315
315,266
266,268
268,266
266,267
267,266
266,286
186,266
266,303
303,266
267,293
293,267
267,299
299,267
267,322
322,267
267,319
319,267
267,289
289,267
267,286
286,267
267,303
303,267
268,293
293,268
268,299
299,268
268,322
322,268
268,319
319,268
268,289
289,268
268,286
286,268
268,303
303,268
268,300
300,268
268,269
269,268
269,293
293,269
269,299
299,269
269,291
291,269
269,319
319,269
269,289
289,269
269,286
286,269
269,303
303,269
269,300
300,269
270,273
273,270
271,296
296,271
271,274
274,271
271,272
272,271
271,277
277,271
272,317
317,272
272,274
274,272
274,298
298,274
274,296
296,274
275,287
287,275
275,324
324,275
275,292
292,275
275,320
320,275
275,309
309,275
275,310
310,275
275,276
276,275
276,320
320,276
276,310
310,276
277,289
289,277
277,317
317,277
278,290
290,278
278,318
318,278
279,310
310,279
280,328
328,280
280,326
326,280
280,316
316,280
281,285
285,281
281,295
295,281
282,287
287,282
282,301
301,282
282,292
292,282
283,288
288,283
285,314
314,285
285,307
307,285
285,317
317,285
285,304
304,285
285,295
295,285
286,293
293,286
286,322
322,286
286,289
289,286
286,303
303,286
287,292
292,287
289,293
293,289
289,299
299,289
289,291
291,289
289,322
322,289
289,319
319,289
289,303
303,289
290,318
318,290
291,299
299,291
291,322
322,291
291,319
319,291
291,303
303,291
292,301
301,292
293,299
299,293
293,319
319,293
293,303
303,293
295,307
307,295
295,317
317,295
297,315
315,297
298,314
314,298
299,303
303,299
300,315
315,300
300,311
311,300
303,322
322,303
303,319
319,303
304,314
314,304
304,307
307,304
304,317
317,304
305,306
306,305
307,314
314,307
307,317
317,307
309,324
324,309
309,320
320,309
310,320
320,310
311,315
315,311
311,319
319,311
312,326
326,312
314,317
317,314
316,328
328,316
319,322
322,319
320,324
324,320
326,328
328,326